me_lp     ITN       0    OPTIMAL SOLN  NINF      0      OBJ   2.342642761944E-03
OBJ=c        RHS=b        RNG=         BND=bounds   M=   7031 N=  12654 SB=    0
03333333333333330300300000000000030003030000300300000030003300000030000330030300
00333303003303330333300330000000000000003333000303000003303333303300000030000000
00000000003030000000030000000303030333000030300000030030000033000000000000003300
03300303033033030033330000003003030000000000000330003000333330000003000300300300
33300000000030000000330333333300003030030033033300000030300030300303003033333003
03030030330300033330033033330030033003303003300030330330000000003330000030333000
00303000000330030003033330003000330330000033333000000300030003303030003030003000
00003033330000300000030003033300333330033000330030300030030303000300003000033003
30000303003030000033300333033000303003030300333033003003030000330000000030303033
03000330000300033000003000030000030333303000003003330003303003000033030300003000
00000003033330030000333300000300300003330000000300333000000000003000003333330330
03003000000003033030033003033000030330033333300033300000000030003330300300300300
30333303000030300333003333003003033003033300330033003030003330000300333303333003
30300033303300303030303030000003330300300000030333303330030030330000000033030030
33003333303300033330003033033030330000003030333000303000300030033000003330330333
33030303300330300300300300033000030033033030330003300333303033033033033000303303
30033003333300030300033303003333033300330300033030300000333300333330030000333330
00330030000333333300330300333330033003303030300300003333300330033030000000003333
33000003003303333333333303030000330003300030033003303330003303033300003333030030
00033333300303333300303003330030033033030033003030033030300030033000033030300300
00003033000000303330300033003033000033330003333033003300300000330033333030033330
00300300033300330300033333030300003033030030000003030330333030003330030300330303
33033000330330303000030033300333333033330333333333030003333333300333333333333333
33333333333333333303333333033330333333330333333333333330333333333330333333303033
03330003330330333333333333033333333333333333333333333330333300033333333333333333
33003333333333333033333333333333333333300333333303330333330333333333000333033300
30333333333333333333333333333333333330333300033303333333033333333333333333333333
30333333330033030333333333330333333333333333333033333333333333003333333333333333
30330333333333333333333333330330333303333333333303330303333330003333333033333333
33333333333330333033330330033333333033333333033333333333333333333333330033333333
33333330033333333333330333333330333300303330333033333333333330333303333300030333
33303333333330303033333300030330333333333303033333033333333330033333300303333333
33333333333333330333333333333300003333033303333333333333333333333333333300033033
33033333303333330333333300033333033333333330033333333333333333033330300333330033
30303330033333333333333333030303300030003333333333303333330033333033333330033333
33303333033333333333000003330330333333333000330300003330333030003033333333333333
33333333333330003333333033333333333333333333333333333333333333333333333000303333
30333333333003333333330333333330033333303333333303033333333333033300330033303033
33303303333033033333333033333333333333030330330003333333330000033333333333333033
03333303033300030033030033303333033033333333333333333033333300030333333333033330
33333333303333333333333333333333333330333000303333333333303303030033333030030300
00033333333333333300333033333333333003333003333303303333333033330303333333333333
33000003300333033333330000303303330000003033300003330333303003330303033300003003
03030333303030000033333303333330000033303033333333333333033333333033303303303333
00333033333000033030000300003033300033330300333033333303330330300330033030333033
00300300030333333000003033033033000030330030333003033033333330330030303033333033
00033333333030000033333333030033333333300033033333000300003333003333003303033300
00330030330003003033333333303303333333333033003330303333003300003303030333003030
30333330330033333033333333303333333000030303330030030033330003303333333300033333
30333300303330330033330030300330003000333000000033033333000333303033333030003330
30303303333000333333330000330033330300000333333033333333333333003330330000000000
00303333333330300000303003333033330030003330033333333330030003333333330333300030
33303303303330300333033303033030030303000033333303000030000003303330030300330033
30333033330003303033333333033003333300333333030333330003000303333300003303000333
33000303300033030303300033030303330030003333003000000333033300003003030000003003
30303333300333300030330033000330333030333030333333030030030330330330033333300300
03033330030003333303333030003030030000003033330303033303333330303333333303030033
33000303000033033300003030303303330303000033333303330033003330300000303033033333
33303030000030333303003030330333003333300033030033333000003330033303333303033333
33033000330000333333333330300330333300300303300300030330000333003030303303003003
30030003003300330303003300333330000003000033333333333330300333333300033333333330
33030333333330030330333000033333333033333333300333300030000303003030333333330333
30333330033330030300300303000333330033333033030303333003333330333300033300333300
03303030303033033330003333030303003333330030033300300003303333030000003333030000
33333033333303303003000003000333333033000000333333033330033000000003333003000333
33333333333333333333333333333333333333333333333333333333333330333333333333333333
33333333333333333333333333333333333333333333333333333333333333333333333333333333
33333333333333333333333333333333333333333333333333333333333333333333333333333333
33333333333333333333333333333333333333333333333333333333333333333333333333333333
33333333333333333333333333333333333333333333333333333333333333333333333333333333
33333333333333333333333333333333333333333333333333333333333333333333333333333333
33333333333333333333333333333333333333333333333333333333333333333333333333333333
33333333333333333333333333333333333333333333333333333333333333333333333333333333
33333333333333333333333333333333333333333333333333333333333333333333333333333333
33333333333333333333333333333333333333333333333333333333333333333333333333333333
33333333333333333333333333333333333333333333333333333333333333333333333333333333
33333333333333333333333333333333333333333333333033333333333333333333333333333333
33333333333333333333333333333333333333333333333333333333333333333333333333333333
33333333333333333333333333333333333333333333333333333333333333333333333333333333
33333333333333333333333333333333333333333333333333333333333333333333333333333333
33333333333333333333333333333333333333333333333333333333333333333333333333333333
33333333333333333333333333333333333333333333333333333333333333333333330333333333
33333333333333333333333333333333333333333333333333333333333333333330333033303300
30000030003000000333003000000030000000300000003000003000300003333003000003333333
33333330003000333333303330333000000030000030030000000300000000300003300300000333
33333003000000003000030030000030000003000000300030000030030000030300033333000003
00000300030000030003000300030003000300033000300000000300300000033330300030000000
30000300030000033000300000333000000030333003000003030030003003303030303030300333
30303000300300000003000030300003000000330000300300000030003333003003030330300000
30303333300033300003303000003000030330333033000300000003030000300000030300003000
00000030030000003000300300033003000330003000003030030000000003333033333030333000
30003000300000003000003300330333333333300000003033000033333030000003000300000030
30303300000030000303300030000000330030030000030030000030300000330000003000000300
00300003303030003300300000003300300330300300000330003000003000300000000030000300
30303003303000003000003000003000003000000033333333003000000300030000033303330003
00003003003000003000000003000300030003000300030003003000300000000300000000300000
00030000030000000300003033330003330033303003030300000003000000003300000000300030
03000000030303003330000030000330003000033000000003300300000300300030000303033030
03000000000030003303000003000003303000003000000003033003300303003000000030000033
03300300000300330303330030000000300000030330333000300000303030030030000030030000
00333000300000033033333300033333303033003033330003000033003000003003000000330033
30003300000000300030000030330003000000300000003030033003000003030030000000300000
30330000330303003303033333330003000300030003000300030003003033303030000030000030
03000000030000003000303003000003330330003030000000000030300033003003000000303000
30003000303030033000333330000003000033333000003030000000000000003330000033333000
33300330000330300003000003000000003303033300300000300030000003003000000000300000
03030000003000300000003000000033300030000003033003000003000000003000003003000003
00300000300300000333003030030000030030000000300000333300300000300300000003000300
00000303333000300000300300000300000030000300300000300300000030330000000033000303
00300000330303300303330030003000000300000000033000300030000033330030000003000030
00000030300030000003330003000000333000330000333000300000300000003000003030030003
00000300300000030030000000300030000000000030000030000003000003000030000003000003
03000000300003333030030000030333033303030303330003000030003000000303030030000033
33000030000030300300330303000000000000300000000000300000003000000030000030000300
03000300030003000300030030033300030000003000333303333333303300300000000330030030
00003333000003000003333000300000300000003033330003000030000300000003000000300300
00000033000003003000300000330300300030030000030300300000030003000000000030000003
03000003330303300030000033300333300000300000000030000030030000030000033330030000
00300003000000300000330300000003000003000033000003003000003333303300030000333333
33333333333333330030000333330303333330030000030003030000300030000033003000000333
30030000030300333333333303000030000033030030000030300030000330030000033303003003
03000300030003000300030000000300000303000000303003000000030000030300000030000000
00000000000000000000000000000030030000000333000300003000300003003000000300030000
00030300300000003003003030000000300000300000300000300000300030030000030030300030
00030000300003330300003000033300303303000000300300000303033330000000003000300000
30003003030000003003300000300000000300000003000000000003000300000003000000000003
00300000003000000003000003000000000300003000000003000033000300000033303000030000
00003003000300000003000000300003000003033003303030300030030000300030030003003000
00330300033000000000000000300303333333333300300000000300000300000003330030000030
33333033033030300003000003003000003033030330003003000030000330030330303333303333
00330033033333000300000333033303303003300303033033300030300000000000303030303030
00303030003030333330333300003003000000030000303000003000003333333303033333303333
33333333300300000030303333003000003000300030030000030300300000333000303000000003
33303330003000000300300000033333330303003000000030000300000003300300000033333333
30030000033333333000030333030003000300000300300300030000300030333003000003030300
30000030000030000030000030030030000003003000000303333030003000033303000300303000
33030000300003030030000030300000030330330330003000033033333003000003330030000003
00000300000303333300030000000000303300300000000300000000000003000000000300030000
33300300300000000000000033030000300000300000030003000000330030000030003000003003
00000300003000033300300000000000000333330330003330030003000003003000000000033000
30000300003000030000000030000030000300000303000300000030000033033330333300030003
00000030300000003003000000003000030000033003000000000030000000300000303000300003
00003000000000300003303030003000003033333330033003000300003030300030000030030000
00300300000300330333333030303000300003330330303000300000300300000303000000300330
03000300003000000033000030000003000300003003000300003003033030030000003003000000
00300003000000003000333303303003003000303030333303303303303303300003333330030030
00333000330030330300303303330030303300303000003333330330030330333303330000333303
03000330030300300330000300333030333030000000033030303300303003303030033033003003
00303303330303333000000003000300003000303330003030333330300000000003330030330000
33300000033333333000300333333333333330030033033033333333333333303333033333333333
33333333333333333333333333333333333333333333333333333333333333333333333333333333
33333033333333303033333303333333333333333333333333333333333333333330303333333303
03033333333333333333330333333333333333333333333333333330303333333333333333333333
33333330333333333333333333333333333333333033333333033333330330303333333333333333
33333333333333333333333333333333333333333333333333333333333333333333333333333303
03333333333333333333303333333333333333333333333333333333303000000000000030000000
00000030000000000000300000000000003000000000000030000000000000300000000000003000
00000000003000000000000030000000000000300000000000003000000000000030000000000000
30000000000000000000000000000000000000000000000000000000000000000000000000000000
00000000000000000000000000000000000000000000000000000000000000000000000000000000
00000000000000000000000000000000000000000000000000000000000000000000000030000000
00000000000000000000000000000000000000000000000000000000000000000000000000000000
00000000000000000000000000000000300000300000000000000000000000000000000000000000
00000030000300000000000000000000000000000000000000000000000000000000000000000000
00000000000003000000000000000000000000000000000000000000000000000000000000000000
00000000000000000000000000000000000000000000000000000000000000000000000000000003
00000000000000000000000000000000000000000000000000000000300000000000000000000000
00000000000000000000000000000000000000000000000000000000000000000000000000000000
00000000000000000000000000000000000000000000003000000000300003000300003000000000
00000000000000000000000003000000000000000000000000000000000000000000000000000000
00000000000000000000000000000000000000000000000000000000000000000000000000000000
00000000000000000000000000000000000000000000000000000000000000000000000000000000
00000000000000000000000000000000000000000000000000000000000000000000000000000000
00000000000000000000000000000000000000000000000000000000000000000000000000000000
00000000000000000000000000000000000000000000000000000000000000000000000300000000
00000000000000000000000030000000000000000000000000000000000000000000033330030000
00000000000000000000030000000000000000000000000300030000000000000000000000000000
00000000000000000000000000000000030000000000000000000000000000000000000000000000
00000000000000000000000000000000033000000003000000000000000000000000000000000000
00000000000000000000000000000000000000000000030000000000000000000000000000000000
00000000000000000000000000000000000000000000000000000000000000000000000000000000
00000000000000000000000000000000000000000000000000000000000000000000000000000000
00000000000000000000000000000000000000000000000000000000000000000000000000000000
00000000000000000000000000000000000000000000000000000000000000000000000000000000
00000000000000000000000000000000000000000000000000000000000000000000000000000000
00000000000000000000000000000000000000000000000000000000000000000000000000000000
00000000000000000000000000000000000000000000000000000000000000000000000000000000
00000000000000000000000000000000000000000000000000000000000000000000000000000000
00000000000000000000000000000000000000000000000000000000000000000000000000000000
00000000000000000000000000000000000000000000000000000000000000000000000000000000
00000000000000000000000000000000000000000000000000000000000000000000000000000000
00000000000000000000000000000000000000000000000000000000000000000000000000000000
00000000000000000000000000000000000000000000000000000000000000000000000000000000
00000000000000000000000000000000000000000000000000000000000000000000000000000000
00000000000000000000000000000000000000000000000000000000000000000000000000000000
00000000000000000000000000000000000000000000000000000000000000000000000000000000
00000000000000000000000000000000000000000000000000000000000000000000000000000000
00000000000000000000000000000000000000000000000000000000000000000000000000000000
00000000000000000000000000000000000000000000000000000000000000000000000000000000
00000000000000000000000000000000000000000000000000000000000000000000000000000000
00000000000000000000000000000000000000000000000000000000000000000000000000000000
