me_lp     ITN     360    OPTIMAL SOLN  NINF      0      OBJ   9.823718127270E-01
OBJ=c        RHS=b        RNG=         BND=bounds   M=   1806 N=   2583 SB=    0
33333303300000000003000030003030000000300000033000300000000000033000300003333000
03303303033303330000000000000003333000333000003303030300300000030000000000000000
03300000000030000000303030333000030000000030030000033300000000000003300033003030
33033000033330000000033000000000000000030003000333300000003000003300300333000000
00000000000333333333333033333333333333333333333330030330033333330303000300003333
33333333333333333333333333330333333333333333333330330033333333303333333303333300
33333333333333333333333333333333333333333333333333333333333333333303030303303333
33033033333330333333333303033333033333333333333333033333030300333333003333333333
30300300003003333303333333333033333333300000003330333033333030333033330333333000
33033333330003033000033333003333033333303333333333303303303303330300330000030333
33333303333333330033300000003333333333330330033303300033333333030333003303303303
30033333000333330333330333333003300300003333330033330033333333333333333030333330
03333333333333333033333333333333333003333330033333330030300303333333303303003033
33333303333333300003000000030000000303033333333333333033003333030303333333033000
00003333330003300000333330333333033330033333000333303303033303003030333030303333
00303330303333000033003303300333333330330033330330333330300000003330003333333303
30303333333333333333333333303333333333333303333303333330330333333333333030300033
33333333003303303030333033330333303030030330033333303033333033333303030300033003
33033030330330003000033333333003333333333333333033333333333033303333303333333333
33330033333300300333333333333000330333333303333303330030333333333333330333330303
30333303333300033303330330330333333330033000330330033330333303333333300003333333
00033303333333333333003333330333333333333333333003033333333333333333333300000300
00330333333330333333303333300033303300030333000033333333300303330333333333333333
33333333333330330030000300000303000313333333330003303003330333330003333030330330
33333333333333033303003300003300000003000003333333333333003333303333333303303330
33330333333330333333333333300303000000000333333303333333333330033003333333333333
33333333330303000303030333333330333333300000000000000300000003330030333333333300
30333333303000333333330003333333033330333333333303330303333333333333333333333303
33330033333333303330330333333333333303033333033330333333333000000003333333033033
03333330333033303333300333033303333333333333333300333000003300333003303333033333
33333330333333333030003333000333300303333333030330333333330330033300333330333303
33303333333333330333333333333333333033333333333303333333303033033300033303033333
00333003333333303300303000000000000000000000000000000000000000000000000000000000
00000000000000000000000000000000000000000000000000000000000000000000000000000000
00000000000000000000000000000000000000000000000000000000000000000000000000000300
00000000000000000000300000000000000000000000000000000000000000000000000000000000
00000000000000000000000000000000000003000000000000000000000000000000000000030000
00000000000000000000000000000000000000000000000003000030000000300000000000000000
00000000000000000000000000003000000000000000000000000000000000000000000000000000
00000000000000000000000000000003000000000000000000000000000000000000000030000000
00000000000030300000000000000000000000000300000000000000000000000000000000000000
00300000000000000030000000000000000000000000000000000000000003000000000000000000
00000000000000000000000000000000000000000000000000000000000000000000000000000000
00000000000000000000003003000000000000000000000000000300030000000000030000000000
00030000030000030033333333333333303300003300000030000000000000000000000000000000
00000000030000000000000000000000000000000000000000000000000000000000000000000000
00000000000000000000000000000000000000000000000000000000000000000000000000000000
00000000000000000000000000000000000000000000000000000000000000000000000000000000
00000000000000000000000000000000000000000000000000000000000000000000000000000000
00000000000000000000000000000000000000000000000000000000000000000000000000000000
00000000000000000000000000000000000000000000000000000000000000000000000000000000
00030000000000000000000000000000030303000000000000000000000000000000000000000000
00000000000000000000000000000000000000000000000000000000003000000000000000000000
00000000000000000000000000000000000000000000000000000000000000000000000000000000
000000000000000000000000000000000000000000000000000000000000000000003
       0
